1. Git
    1. 
    2. 
    3. 
    4. 
    5. 
    6. 
    7. 
    8.
    9.
2. Py
    1. 
    2. 
    3. 
    4. 
    5. 
    6. 
    7. 
    8.
    9.
3. Venv
    1. 
    2. 
    3. 
    4. 
    5. 
    6. 
    7. 
    8.
    9.
4. Blueprint
    1. 
    2. 
    3. 
    4. 
    5. 
    6. 
    7. 
    8.
    9.
5. Static
    1. 
    2. 
    3. 
    4. 
    5. 
    6. 
    7. 
    8.
    9.
6. Models
    1. 
    2. 
    3. 
    4. 
    5. 
    6. 
    7. 
    8.
    9.
7. Templates
    1. 
    2. 
    3. 
    4. 
    5. 
    6. 
    7. 
    8.
    9.